a 0,1 0,2 0,3 1,0 1,3 2,1 2,2 2,3 3,3 4,1 4,2
b 0,0 0,1 0,2 1,0 1,3 2,0 2,3 3,0 3,3 4,0 4,1 4,2 5,0 6,0 7,0
c 0,1 0,2 1,0 2,0 3,0 4,1 4,2 
d 0,1 0,2 0,3 1,0 1,3 2,0 2,3 3,0 3,3 4,1 4,2 4,3 5,3 6,3
e 0,1 0,2 0,3 1,0 2,0 2,1 2,2 2,3 3,0 3,3 4,1 4,2
f 0,0 1,0 2,0 3,0 4,0 5,0 5,1 5,2 6,0 7,0 8,1 8,2
g -1,3 -2,1 -2,2 0,1 0,2 0,3 1,0 1,3 2,0 2,3 3,0 3,3 4,1 4,2 4,3
h 0,0 0,3 1,0 1,3 2,0 2,3 3,0 3,3 4,0 4,1 4,2 5,0 6,0 7,0 
i 0,0 1,0 2,0 3,0 4,0 5,0 7,0
j -2,0 -1,1 0,1 1,1 2,1 3,1 4,1 6,1
k 0,0 0,3 1,0 1,2 2,0 2,1 3,0 3,2 4,0 4,3 5,0 6,0 7,0
l 0,0 1,0 2,0 3,0 4,0 5,0 6,0
m 0,0 0,3 0,6 1,0 1,3 1,6 2,0 2,3 2,6 3,0 3,3, 3,6 4,0 4,1 4,2 4,4 4,5
n 0,0 0,3 1,0 1,3 2,0 2,3 3,0 3,3 4,0 4,1 4,2
o 0,1 0,2 1,0 1,3 2,0 2,3 3,0 3,3 4,1 4,2
p -2,0 -1,0 0,0 0,1 0,2 1,0 1,3 2,0 2,3 3,0 3,3 4,0 4,1 4,2
q -2,3 -1,3 0,1 0,2 0,3 1,0 1,3 2,0 2,3 3,0 3,3 4,1 4,2 4,2
r 0,0 1,0 2,0 3,0 3,1 4,0 4,2
s 0,0 0,1 0,2 1,2 2,1 3,0 4,0 4,1 4,2 
t 0,1 1,0 2,0 3,0 4,0 4,1 5,0 6,0
u 0,1 0,2 0,3 1,0 1,3 2,0 2,3 3,0 2,0 4,0 4,3
v 0,2 1,1 1,3 2,1 2,3 3,1 3,3 4,0 4,4
w 0,1 0,5 1,1 1,2 1,4 1,5 2,0 2,2 2,4 2,6 3,0 3,3 3,6 4,0 4,3 4,6
x 0,0 0,2 1,1 2,1 3,1 4,0 4,2
y -2,1 -1,2 0,2 1,1 1,3 2,1 2,3 3,1 3,3 4,0 4,4
z 0,0 0,1 0,2 1,0 2,1 3,2 4,0 4,1 4,2
A 0,0 0,5 1,0 1,5 2,0 2,1 2,2 2,3 2,4 2,5 3,1 3,4 4,1 4,4 5,2 5,3 6,2 6,3
B 0,0 0,1 0,2 0,3 1,0 1,4 2,0 2,4 3,0 3,1 3,2 3,3 4,0 4,3 5,0 5,3 6,0 6,1 6,2
C 0,2 0,3 0,4 1,1 1,5 2,0 3,0 4,0 5,1 5,5 6,2 6,3 6,4
D 0,0 0,1 0,2 0,3 1,0 1,4 2,0 2,5 3,0 3,5 4,0 4,5 5,0 5,4 6,0 6,1 6,2 6,3
E 0,0 0,1 0,2 0,3 0,4 1,0 2,0 3,0 3,1 3,2 3,3 4,0 5,0 6,0 6,1 6,2 6,3 6,4
F 0,0 1,0 2,0 3,0 3,1 3,2 3,3 4,0 5,0 6,0 6,1 6,2 6,3 6,4 
G 0,2 0,3 0,4 0,5 1,1 1,5 2,0 2,5 3,0 3,3 3,4 3,5 4,0 5,1 5,5 6,2 6,3 6,4
H 0,0 0,5 1,0 1,5 2,0 2,5 3,0 3,1 3,2 3,3 3,4 3,5 4,0 4,5 5,0 5,5 6,0 6,5
I 0,0 0,1 0,2 1,1 2,1 3,1 4,1 5,1 6,0 6,1 6,2 
J 0,0 0,1 1,2 2,2 3,2 4,2 5,2 6,1 6,2 
K 0,0 0,4 1,0 1,3 2,0 2,2 3,0 3,1 4,0 4,2 5,0 5,3 6,0 6,4
L 0,0 0,1 0,2 0,3 0,4 1,0 2,0 3,0 4,0 5,0 6,0
M 0,0 0,6 1,0 1,3 1,6 2,0 2,3 2,6 3,0 3,2 3,4 3,6 4,0 4,2 4,4 4,6 5,0 5,1 5,5 5,6 6,0 6,1 6,5 6,6
N 0,0 0,5 1,0 1,5 2,0 2,4 2,5 3,0 3,3 3,5 4,0 4,2 4,5 5,0 5,1 5,5 6,0 6,5
O 0,2 0,3 0,4 1,1 1,5 2,0 2,6 3,0 3,6 4,0 4,6 5,1 5,5 6,2 6,3 6,4
P 0,0 1,0 2,0 2,1 2,2 2,3 2,4 3,0 3,5 4,0 4,5 5,0 5,5 6,0 6,1 6,2 6,3 6,4
Q -2,5 -2,6 0,2 0,3 0,4 1,1 1,5 2,0 2,6 3,0 3,6 4,0 4,6 5,1 5,5 6,2 6,3 6,4
R 0,0 0,4 1,0 1,3 2,0 2,2 3,0 3,1 3,2 3,3 4,0 4,4 5,0 5,4 6,0 6,1 6,2 6,3
S 0,0 0,1 0,2 0,3 1,4 2,4 3,1 3,2 3,3 4,0 5,0 6,1 6,2 6,3 6,4
T 0,2 1,2 2,2 3,2 4,2 5,2 6,0 6,1 6,2 6,3 6,4
U 0,1 0,2 0,3 0,4 1,0 1,5 2,0 2,5 3,0 3,5 4,0 4,5 5,0 5,5 6,0 6,5
V 0,2 0,3 1,2 1,3 2,1 2,4 3,1 3,4 4,0 4,5 5,0 5,5 6,0 6,5
W 0,1 0,5 1,1 1,5 2,0 2,2 2,4 2,6 3,0 3,2 3,4 3,6 4,0 4,2 4,4 4,6 5,0 5,3 5,6 6,0 6,3 6,6
X 0,0 0,3 1,0 1,3 2,1 2,2 3,1 3,2 4,1 4,2 5,0 5,3 6,0 6,3
Y 0,2 1,2 2,2 3,2 4,1 4,3 5,1 5,3 6,0 6,4
Z 0,0 0,1 0,2 0,3 1,0 2,1 3,1 4,2 5,3 6,0 6,1 6,2 6,3
